# Energy [keV], Probability of non-zero length track (Mg)
1.000000000000000021e-02 0.000000000000000000e+00
2.999999999999999889e-02 0.000000000000000000e+00
5.000000000000000278e-02 2.650000000000000012e-03
7.000000000000000666e-02 2.935000000000000109e-02
1.000000000000000056e-01 1.701249999999999984e-01
2.000000000000000111e-01 7.158999999999999808e-01
2.999999999999999889e-01 8.936749999999999972e-01
4.000000000000000222e-01 9.463000000000000300e-01
5.000000000000000000e-01 9.649999999999999689e-01
5.999999999999999778e-01 9.779499999999999860e-01
1.000000000000000000e+00 9.900499999999999856e-01
3.000000000000000000e+00 9.983499999999999597e-01
5.000000000000000000e+00 9.992499999999999716e-01
