# Energy [keV], Probability of observable track (xt>=1) (Mg)
1.000000000000000021e-02 0.000000000000000000e+00
2.999999999999999889e-02 0.000000000000000000e+00
5.000000000000000278e-02 0.000000000000000000e+00
7.000000000000000666e-02 0.000000000000000000e+00
1.000000000000000056e-01 6.321873682942982537e-04
2.000000000000000111e-01 1.038699612500629116e-01
2.999999999999999889e-01 3.441180147518440036e-01
4.000000000000000222e-01 5.373999999999999888e-01
5.000000000000000000e-01 6.600000000000000311e-01
5.000000000000000000e+00 9.944499999999999451e-01
8.000000000000000000e+00 9.982999999999999652e-01
1.000000000000000000e+01 9.986500000000000377e-01
1.500000000000000000e+01 9.986500000000000377e-01
1.800000000000000000e+01 9.992999999999999661e-01
2.000000000000000000e+01 9.992999999999999661e-01
2.300000000000000000e+01 9.993999999999999551e-01
2.500000000000000000e+01 9.996500000000000385e-01
3.000000000000000000e+01 9.999000000000000110e-01
3.300000000000000000e+01 9.998000000000000220e-01
3.800000000000000000e+01 9.997000000000000330e-01
4.000000000000000000e+01 9.999000000000000110e-01
5.500000000000000000e+01 9.999500000000000055e-01
