# Energy [keV], Probability of non-zero length track (Si)
1.000000000000000021e-02 0.000000000000000000e+00
2.999999999999999889e-02 0.000000000000000000e+00
5.000000000000000278e-02 2.550000000000000183e-03
7.000000000000000666e-02 2.860000000000000042e-02
1.000000000000000056e-01 1.605250000000000010e-01
2.000000000000000111e-01 6.915499999999999980e-01
2.999999999999999889e-01 8.868249999999999744e-01
4.000000000000000222e-01 9.425750000000000517e-01
5.000000000000000000e-01 9.666749999999999510e-01
5.999999999999999778e-01 9.776249999999999662e-01
1.000000000000000000e+00 9.913499999999999535e-01
3.000000000000000000e+00 9.986000000000000432e-01
5.000000000000000000e+00 9.990999999999999881e-01
