# Energy [keV], Probability of observable track (xt>=1) (Si)
1.000000000000000021e-02 0.000000000000000000e+00
2.999999999999999889e-02 0.000000000000000000e+00
5.000000000000000278e-02 0.000000000000000000e+00
7.000000000000000666e-02 0.000000000000000000e+00
1.000000000000000056e-01 2.131611803039069376e-04
2.000000000000000111e-01 6.111027076085312482e-02
2.999999999999999889e-01 2.565641410352588192e-01
4.000000000000000222e-01 4.533249999999999780e-01
5.000000000000000000e-01 5.918499999999999872e-01
5.000000000000000000e+00 9.930999999999999828e-01
8.000000000000000000e+00 9.979500000000000037e-01
1.000000000000000000e+01 9.987000000000000322e-01
1.500000000000000000e+01 9.993999999999999551e-01
1.800000000000000000e+01 9.994499999999999496e-01
2.300000000000000000e+01 9.996000000000000441e-01
2.500000000000000000e+01 9.993999999999999551e-01
3.000000000000000000e+01 9.997500000000000275e-01
3.300000000000000000e+01 9.997500000000000275e-01
3.800000000000000000e+01 9.998500000000000165e-01
4.000000000000000000e+01 9.996500000000000385e-01
