# Energy [keV], Probability of observable track (xt>=1) (_O)
1.000000000000000021e-02 0.000000000000000000e+00
2.999999999999999889e-02 0.000000000000000000e+00
5.000000000000000278e-02 0.000000000000000000e+00
7.000000000000000666e-02 2.058460271716755887e-04
1.000000000000000056e-01 2.007763351626288498e-03
2.000000000000000111e-01 1.382146950210110803e-01
2.999999999999999889e-01 4.144577106956021106e-01
4.000000000000000222e-01 6.216527065883235004e-01
5.000000000000000000e-01 7.360618030901544540e-01
5.000000000000000000e+00 9.953499999999999570e-01
8.000000000000000000e+00 9.979500000000000037e-01
1.000000000000000000e+01 9.989500000000000046e-01
1.500000000000000000e+01 9.993499999999999606e-01
1.800000000000000000e+01 9.995500000000000496e-01
2.300000000000000000e+01 9.994499999999999496e-01
2.500000000000000000e+01 9.998500000000000165e-01
3.000000000000000000e+01 9.997000000000000330e-01
3.300000000000000000e+01 9.999000000000000110e-01
3.800000000000000000e+01 9.998500000000000165e-01
4.000000000000000000e+01 9.998500000000000165e-01
