# Energy [keV], Probability of non-zero length track (O)
1.000000000000000021e-02 0.000000000000000000e+00
2.999999999999999889e-02 0.000000000000000000e+00
5.000000000000000278e-02 1.000000000000000021e-03
7.000000000000000666e-02 1.580000000000000154e-02
1.000000000000000056e-01 1.078000000000000069e-01
2.000000000000000111e-01 6.369500000000000162e-01
2.999999999999999889e-01 8.638749999999999485e-01
4.000000000000000222e-01 9.366250000000000409e-01
5.000000000000000000e-01 9.616999999999999993e-01
5.999999999999999778e-01 9.747000000000000108e-01
1.000000000000000000e+00 9.906500000000000306e-01
3.000000000000000000e+00 9.971999999999999753e-01
5.000000000000000000e+00 9.983499999999999597e-01
