# Energy [keV], Probability of observable track (xt>=1) (Fe)
1.000000000000000021e-02 0.000000000000000000e+00
2.999999999999999889e-02 0.000000000000000000e+00
5.000000000000000278e-02 0.000000000000000000e+00
7.000000000000000666e-02 0.000000000000000000e+00
1.000000000000000056e-01 0.000000000000000000e+00
2.000000000000000111e-01 2.616986576339229778e-02
2.999999999999999889e-01 1.745424542454245553e-01
4.000000000000000222e-01 3.584999999999999853e-01
5.000000000000000000e-01 5.127000000000000446e-01
5.000000000000000000e+00 9.954499999999999460e-01
8.000000000000000000e+00 9.988000000000000211e-01
1.000000000000000000e+01 9.991999999999999771e-01
1.500000000000000000e+01 9.995500000000000496e-01
1.800000000000000000e+01 9.998000000000000220e-01
2.000000000000000000e+01 9.998500000000000165e-01
2.300000000000000000e+01 9.998500000000000165e-01
2.500000000000000000e+01 9.998500000000000165e-01
3.000000000000000000e+01 9.999500000000000055e-01
3.300000000000000000e+01 9.999000000000000110e-01
3.500000000000000000e+01 1.000000000000000000e+00
3.800000000000000000e+01 9.999000000000000110e-01
4.000000000000000000e+01 9.998000000000000220e-01
5.500000000000000000e+01 1.000000000000000000e+00
