# Energy [keV], Probability of non-zero length track (Fe)
1.000000000000000021e-02 0.000000000000000000e+00
2.999999999999999889e-02 0.000000000000000000e+00
5.000000000000000278e-02 2.850000000000000103e-03
7.000000000000000666e-02 3.590000000000000135e-02
1.000000000000000056e-01 2.173750000000000127e-01
2.000000000000000111e-01 7.872749999999999471e-01
2.999999999999999889e-01 9.376750000000000362e-01
4.000000000000000222e-01 9.719750000000000334e-01
5.000000000000000000e-01 9.859250000000000513e-01
5.999999999999999778e-01 9.913999999999999480e-01
1.000000000000000000e+00 9.972999999999999643e-01
3.000000000000000000e+00 9.996500000000000385e-01
5.000000000000000000e+00 1.000000000000000000e+00
